tileMap 20 20
1 1 1 1 1 1 1 1 1 1 1 1 1 2 2 2 L 2 2 2
1 1 L 1 1 1 1 1 1 1 1 1 2 2 2 2 2 2 2 2
1 1 1 1 1 1 1 1 1 1 1 1 2 2 2 2 2 2 2 2
1 1 1 1 1 1 1 1 1 1 1 1 1 1 1 2 2 2 2 2
1 1 1 1 1 1 1 1 1 1 1 1 1 1 1 2 2 2 2 2
1 1 1 1 1 1 1 1 1 1 1 1 1 1 1 2 2 2 2 2
1 1 1 1 1 1 1 1 1 1 1 1 1 1 1 2 2 2 2 2
1 1 1 1 1 1 1 1 1 1 1 1 1 1 1 2 2 2 2 2
3 3 3 1 1 1 1 1 1 1 1 1 1 1 1 2 2 2 2 2
3 3 3 1 1 1 1 1 1 1 1 1 1 1 1 1 1 1 1 4
3 3 3 3 1 1 1 1 1 1 1 1 1 1 1 4 4 4 4 4
3 3 3 3 3 3 1 1 1 1 1 1 1 1 1 4 4 4 4 4
3 3 3 3 3 3 1 1 1 1 1 1 1 1 E 4 4 4 4 4
3 3 3 3 3 3 1 1 1 1 1 1 1 1 1 4 4 4 4 4
3 3 3 3 3 3 1 1 1 1 1 1 1 1 1 4 4 4 4 4
3 3 3 3 3 3 3 3 3 1 1 1 1 1 1 4 4 4 4 4
3 3 3 3 3 3 3 1 1 1 1 1 1 1 4 4 4 4 4 L
3 3 3 3 3 3 3 1 1 1 1 1 1 4 4 4 4 4 L 4
3 3 L 3 3 3 1 1 1 1 1 1 1 4 4 4 4 4 4 4
3 3 3 3 3 3 1 1 1 4 4 4 4 4 4 4 4 4 4 4
companies
Pizza Shack,50,5,15,24,196,1,
Queso Queen,100,1,16,27,80,1,
WacMondalds,50,5,15,24,283,1,
Applebapple's,50,0,15,30,755,5,
turn
100
demand
300
price
1000
